490
80
28
131
715
593
169
668
617
267
863
211
129
948
950
493
458
460
988
733
683
632
788
646
588
0
561
885
223
920
930
608
878
836
675
107
976
540
226
802
704
796
43
783
443
968
355
209
620
484
963
444
779
362
550
246
664
264
564
643
729
840
97
157
587
755
785
944
367
420
388
64
606
118
101
875
758
57
35
769
602
429
666
372
999
279
703
896
829
151
182
821
467
224
339
190
166
585
752
394
198
181
974
872
384
217
808
160
197
701
980
732
825
162
274
837
124
199
400
538
276
474
981
638
232
700
61
686
532
812
946
410
739
59
535
938
738
155
138
125
189
184
873
649
591
747
214
597
441
424
491
578
495
596
759
518
325
892
446
899
560
219
450
349
568
504
937
281
631
452
682
329
721
922
454
742
456
555
346
70
58
735
295
