712
23
373
366
39
31
38
979
289
480
393
119
806
461
9
439
750
909
236
599
870
547
766
694
391
627
851
744
262
939
368
233
326
121
527
133
577
218
67
466
933
412
554
512
103
830
229
924
135
472
817
807
46
889
972
455
549
109
857
845
323
841
306
644
277
85
180
819
789
287
613
786
3
475
753
791
284
402
145
655
438
633
513
165
485
542
419
303
104
801
566
163
541
494
492
690
120
459
348
879
969
849
908
170
390
618
983
206
784
612
880
302
895
530
900
534
653
285
572
956
771
369
353
430
347
734
25
639
408
203
722
953
389
361
637
24
656
586
230
397
488
866
154
261
47
663
33
90
579
562
257
823
952
435
915
126
168
811
98
536
500
992
552
724
966
66
65
935
187
62
423
95
231
72
250
919
359
413
191
222
519
842
266
658
868
809
559
405
967
307
68
918
243
185
336
594
321
392
575
12
883
511
93
99
843
5
907
708
828
300
720
714
84
665
