884
682
659
574
117
413
142
757
638
875
426
28
672
501
505
351
87
656
148
775
299
112
503
211
156
391
729
321
569
370
331
590
662
290
406
844
767
717
419
265
227
802
893
513
123
966
916
62
655
676
876
801
577
161
924
955
761
688
493
441
274
820
903
797
470
804
712
322
308
621
997
124
754
618
663
975
671
778
620
81
554
104
465
15
539
41
420
231
868
380
247
150
644
9
622
750
664
942
44
357
392
828
216
711
867
764
102
284
902
613
989
329
616
386
738
940
393
292
727
796
692
457
777
732
381
478
295
297
877
353
226
895
424
488
762
850
500
983
849
340
56
348
208
869
447
964
464
831
551
670
864
908
180
418
930
635
909
660
747
568
629
926
921
810
589
30
363
431
93
187
417
58
555
734
119
158
832
823
962
354
228
728
918
82
900
345
507
653
784
301
