468
277
392
239
919
628
558
252
991
587
412
961
105
648
932
35
229
804
930
974
814
534
101
378
868
960
128
429
538
635
657
161
12
779
670
536
934
937
496
365
766
586
421
931
339
834
863
573
851
416
798
945
440
65
488
632
543
60
901
924
17
802
452
159
230
407
678
699
902
6
186
877
282
860
132
225
91
382
785
606
884
644
120
857
782
453
322
679
607
684
214
898
600
40
850
809
449
954
205
686
13
795
859
149
24
880
738
499
913
922
467
267
31
308
885
815
395
177
736
716
800
72
124
400
683
262
96
119
129
118
790
981
591
99
927
83
409
830
463
826
643
807
185
561
284
370
251
891
243
978
622
774
871
724
290
145
326
646
422
14
697
117
637
962
747
681
406
675
325
711
559
391
399
231
636
900
987
397
588
168
362
667
359
481
140
78
853
455
445
353
986
732
692
640
56
552
194
25
423
888
204
134
721
73
567
501
865
171
313
959
487
437
511
279
541
314
737
196
323
420
950
999
547
176
107
363
677
911
979
725
94
778
583
651
555
654
227
348
256
897
