980
396
395
805
74
628
890
726
576
819
477
666
285
583
701
657
888
327
252
484
78
883
70
43
399
215
593
922
518
789
961
460
839
316
234
170
641
389
898
549
960
941
36
944
552
971
402
723
591
206
152
3
80
155
159
562
707
517
779
384
821
637
615
579
919
843
674
763
566
293
166
277
47
799
18
151
398
96
388
168
608
110
756
172
97
873
328
463
492
111
461
527
588
236
731
929
339
67
580
958
718
160
178
46
925
910
755
86
575
528
253
914
415
343
827
634
991
928
598
498
221
204
270
694
344
792
683
870
753
101
352
186
487
985
532
680
669
959
599
31
636
23
825
673
383
540
312
585
55
776
932
681
366
880
770
934
114
163
38
665
116
516
968
220
72
994
198
480
818
950
647
377
626
1
833
21
254
979
894
887
793
144
314
42
60
276
739
510
592
88
330
350
752
630
408
115
624
307
53
611
650
334
