652
798
467
793
387
615
141
575
20
385
26
500
167
654
178
414
867
625
212
864
363
379
869
144
940
194
956
313
834
464
337
322
423
557
142
222
601
778
990
358
826
897
667
570
411
351
120
763
657
515
609
432
76
755
311
59
260
937
986
680
871
796
402
280
807
39
556
775
829
196
703
450
483
429
253
283
785
485
155
312
175
876
642
795
384
71
660
656
820
488
421
435
206
750
202
99
122
815
455
316
514
900
612
79
633
88
939
684
926
781
739
108
273
909
659
327
482
340
115
767
923
90
951
895
618
936
774
628
161
502
303
710
631
730
252
945
37
162
770
830
28
282
434
299
153
811
33
991
705
586
993
784
356
109
943
87
376
627
458
978
223
920
56
346
838
362
375
847
664
256
307
649
23
868
245
204
738
591
647
60
791
524
801
534
692
779
666
438
496
