659
848
246
368
531
77
983
302
375
650
666
80
596
44
985
174
817
523
398
917
995
494
825
609
595
862
610
560
93
50
319
459
958
722
746
380
980
217
268
939
509
430
844
845
548
424
135
762
512
331
841
796
108
471
352
864
478
793
460
446
234
761
414
47
618
23
671
390
192
474
836
147
625
222
976
317
59
828
769
376
734
551
524
912
744
456
528
824
515
990
941
396
554
726
812
357
811
255
33
854
387
462
296
245
792
968
827
822
634
698
432
728
1
477
358
852
687
103
269
150
647
257
3
224
386
181
964
783
218
342
20
48
233
735
309
539
182
672
475
998
498
770
402
952
532
605
594
469
22
37
9
113
53
973
74
882
312
549
102
557
872
689
425
944
355
949
592
435
520
629
691
788
340
238
142
928
967
87
345
908
