614
767
693
850
916
959
796
790
940
826
808
204
604
777
954
511
927
424
495
33
554
173
704
925
87
961
592
225
461
260
496
6
770
37
725
126
444
90
25
659
203
151
40
187
422
68
579
200
785
417
26
951
527
499
181
942
333
881
418
565
845
289
926
386
656
208
406
868
229
778
320
242
537
984
750
615
102
690
635
683
197
620
218
670
10
140
815
188
273
42
655
563
876
802
550
546
795
931
561
714
521
822
595
616
449
121
598
47
691
919
270
268
593
529
94
419
749
660
236
374
228
71
79
986
432
688
534
384
421
471
407
809
652
912
248
994
662
882
443
257
516
909
467
425
827
219
992
179
85
468
674
787
315
871
829
343
651
95
244
736
735
24
351
599
791
547
820
377
283
222
869
217
111
572
491
440
482
50
5
324
867
291
509
176
183
399
709
284
885
617
195
41
285
945
29
744
483
768
531
235
305
846
447
21
65
327
574
356
363
956
408
733
710
146
454
280
423
697
977
812
107
624
553
385
623
332
567
719
762
325
971
856
844
154
272
764
470
297
548
190
728
637
665
83
973
366
