704
563
882
163
211
519
603
846
181
646
879
688
551
670
407
381
391
533
217
78
620
248
214
569
361
840
788
48
45
552
140
392
183
38
544
191
555
823
215
190
430
971
616
851
364
911
62
241
219
143
227
737
611
995
96
912
562
234
852
966
188
905
675
499
844
949
696
832
954
445
889
731
309
630
702
70
393
418
475
427
810
709
924
353
40
634
58
789
422
436
896
451
433
558
359
251
505
2
927
906
94
472
288
160
508
528
860
721
931
249
203
495
366
952
442
240
716
733
884
468
380
921
918
229
473
809
111
446
607
878
953
542
498
726
760
185
77
930
420
806
559
321
802
225
662
573
105
541
30
758
199
817
932
526
929
842
449
725
243
32
644
284
345
331
8
184
962
687
979
16
494
814
456
395
742
447
578
130
766
561
75
6
330
592
310
441
934
265
409
103
132
400
403
843
522
266
828
754
780
457
540
9
907
55
