507
844
167
942
475
578
992
996
963
451
53
615
565
22
247
248
116
926
41
147
758
506
237
792
683
806
347
830
187
439
158
447
348
595
220
581
225
284
614
59
317
939
702
109
561
285
736
599
481
773
569
26
166
671
306
4
213
346
534
117
270
137
635
700
796
769
6
785
74
933
86
855
391
551
805
64
740
802
583
679
667
665
914
674
967
454
135
626
183
165
934
888
568
680
178
107
268
154
112
95
440
575
723
260
38
586
342
917
164
610
563
527
491
303
231
7
394
672
389
314
203
363
557
194
889
692
812
312
229
259
863
176
304
327
616
494
579
510
493
257
437
393
163
329
425
990
711
275
524
923
280
168
858
71
750
271
488
370
334
405
92
438
33
402
0
958
76
180
174
555
77
966
376
772
621
471
46
754
219
745
853
54
715
630
879
133
410
559
134
198
669
735
