963
385
795
463
145
433
254
454
677
881
507
57
814
720
354
400
941
888
657
121
376
857
465
252
331
316
743
428
0
207
996
778
708
424
835
245
841
55
52
201
929
838
187
84
195
152
439
770
765
713
569
350
718
299
774
174
18
153
747
329
276
182
607
999
590
748
221
714
915
726
347
260
852
758
751
263
194
596
697
320
640
339
767
224
189
916
295
678
893
537
989
5
922
397
603
226
918
206
856
423
650
292
159
588
472
128
972
728
314
997
348
920
248
540
495
278
608
731
282
959
982
724
110
413
815
611
783
572
15
784
683
981
573
368
366
12
172
803
176
971
924
473
474
565
262
592
469
780
163
144
913
459
342
855
402
360
161
923
926
851
220
858
505
