617
167
343
379
541
69
800
221
480
534
759
913
673
126
143
36
988
890
787
482
559
473
585
733
685
697
581
756
839
584
772
8
724
382
992
320
298
904
882
116
103
887
238
486
516
133
582
191
481
980
270
220
783
531
657
960
219
105
502
19
643
83
912
847
458
826
666
312
891
327
368
225
553
408
155
943
100
55
129
760
24
307
702
138
504
614
84
444
38
455
332
249
469
677
442
280
603
814
453
325
95
704
207
154
947
315
107
443
981
769
179
78
256
75
170
11
566
293
13
809
713
339
898
542
288
255
174
449
213
961
808
287
200
691
398
203
610
925
615
127
679
373
275
632
490
846
776
627
389
7
586
567
958
949
951
765
741
282
588
