318
483
42
193
222
502
207
388
158
88
516
783
360
811
627
218
220
594
336
278
819
307
700
988
93
49
728
955
565
685
408
803
175
837
162
503
619
564
748
940
973
272
285
768
507
281
235
5
413
769
602
939
584
998
752
801
411
517
311
867
454
384
295
41
385
110
85
333
550
200
374
250
157
1
548
892
967
831
605
761
263
776
994
238
873
36
287
664
355
340
153
676
992
305
642
485
821
729
254
595
63
125
759
410
271
744
189
537
723
571
849
389
172
489
369
652
813
626
260
557
746
661
786
358
296
799
825
182
705
695
500
198
858
304
553
479
144
459
796
624
629
108
596
301
621
286
84
244
532
708
113
492
90
964
435
138
715
396
174
753
297
146
298
718
936
665
28
92
312
717
572
554
818
829
933
650
246
601
808
957
604
714
377
71
805
765
943
617
165
300
46
984
822
698
944
653
707
329
928
394
793
917
80
