499
859
912
776
100
627
352
764
497
249
94
72
834
806
488
609
67
123
321
790
603
827
798
39
153
311
471
743
351
880
432
91
426
707
445
251
512
572
607
697
231
867
574
775
895
431
748
34
397
719
156
17
89
978
534
273
901
425
641
889
283
807
90
292
257
237
437
676
252
168
284
730
975
577
744
108
766
965
102
161
542
204
99
586
818
427
566
242
269
986
32
989
112
143
144
612
216
38
839
850
571
865
371
16
656
389
726
287
308
11
451
42
906
25
580
559
128
530
519
746
492
286
227
909
706
581
192
693
152
943
41
399
114
302
404
762
692
466
469
883
263
255
971
604
104
677
709
459
386
847
589
296
414
552
973
737
186
934
92
815
294
71
115
328
718
10
195
794
141
983
415
179
800
985
13
583
134
203
633
750
360
171
541
601
736
509
926
215
