583
717
679
940
210
507
668
748
833
415
11
671
879
828
669
336
606
224
915
240
409
379
460
519
327
950
392
96
832
269
453
21
427
14
788
147
766
999
24
334
618
206
213
994
810
265
333
993
900
692
601
628
543
725
250
87
35
626
522
473
887
903
245
884
831
529
765
503
9
486
830
625
768
767
329
452
980
302
66
485
378
753
252
293
938
655
861
736
441
567
531
285
513
728
982
863
584
435
251
272
718
917
922
389
17
878
205
662
135
841
15
874
631
829
97
56
292
450
576
27
134
872
734
271
559
527
215
979
111
763
824
571
186
596
153
418
528
627
515
660
761
741
490
448
613
895
5
261
902
417
860
236
129
847
494
806
764
307
516
321
488
