616
233
403
113
882
690
188
851
91
264
989
773
202
610
118
523
303
7
348
100
683
156
539
493
132
500
419
406
998
284
397
414
88
889
802
189
574
130
248
226
1
537
51
858
463
988
110
599
787
39
343
732
916
867
654
262
794
360
786
818
739
666
0
962
109
175
176
907
181
797
933
455
589
487
656
951
187
685
71
381
846
148
60
386
229
959
754
524
466
165
943
281
562
704
405
124
981
469
231
910
315
629
696
923
547
278
723
401
517
390
477
451
941
945
434
172
376
944
152
776
758
218
267
198
647
585
238
624
840
638
421
804
605
770
935
964
54
561
491
750
640
592
42
259
803
650
474
928
283
726
835
255
471
275
856
582
805
555
296
568
416
400
649
762
876
779
991
614
63
313
80
505
569
19
771
410
65
388
521
877
46
136
160
792
183
815
607
197
274
28
458
919
866
541
