978
947
421
522
93
980
846
803
126
747
819
633
42
639
175
392
834
764
218
924
356
497
424
552
358
550
99
277
150
704
991
307
604
540
245
881
128
954
362
925
31
810
121
408
125
797
547
48
753
795
279
351
68
703
571
179
870
431
946
299
222
742
959
113
988
737
43
825
532
650
906
509
594
513
278
798
465
813
893
865
820
999
528
908
608
857
72
953
404
847
979
398
235
789
815
779
15
977
65
824
52
461
480
216
352
574
676
929
401
902
651
911
14
675
701
799
487
609
887
835
289
607
155
412
714
224
598
226
816
919
862
407
310
566
521
712
730
570
962
927
120
354
450
943
197
51
204
922
483
894
473
378
79
860
444
886
612
554
746
624
725
997
443
921
300
839
382
30
181
320
968
44
188
648
504
727
45
140
87
556
428
732
655
467
13
100
831
936
580
205
359
397
986
207
35
479
208
21
84
369
319
190
60
75
647
25
890
476
466
