572
410
393
597
676
638
748
935
743
963
228
640
644
62
550
879
434
938
158
750
677
14
280
185
926
468
786
715
35
534
741
945
436
447
816
485
931
884
199
536
612
298
977
382
156
248
582
196
421
346
180
148
100
729
332
203
742
545
989
194
323
849
978
499
923
522
379
663
169
470
577
684
362
896
652
287
370
771
99
947
601
806
143
905
136
294
450
139
278
840
13
336
765
409
40
472
68
64
443
773
987
412
117
490
984
942
365
137
482
291
15
855
288
347
187
141
686
451
4
614
667
619
79
28
602
372
754
439
134
177
8
574
392
214
123
465
892
107
249
542
803
791
66
953
924
207
30
127
73
126
205
537
708
859
329
458
863
124
801
161
696
538
56
128
486
543
895
26
261
957
133
335
809
736
85
586
829
533
429
488
11
373
885
353
717
835
645
428
242
10
951
209
955
61
341
581
921
902
719
173
95
119
299
725
81
