280
149
173
196
883
193
806
699
764
871
288
324
470
371
966
185
824
212
661
746
426
821
126
365
404
373
384
408
261
135
905
162
735
232
736
811
660
133
257
356
294
430
204
957
24
363
83
974
622
215
903
168
101
946
564
333
828
642
645
289
552
241
717
104
648
970
598
269
346
531
659
860
89
16
904
499
785
880
575
791
891
129
374
200
698
164
105
359
756
116
334
921
849
26
542
515
142
398
576
367
874
879
932
461
456
819
619
634
854
115
689
123
522
908
727
937
242
686
868
898
567
219
544
602
131
318
670
847
246
330
302
178
721
934
61
17
816
936
29
927
230
672
78
644
369
494
13
688
501
578
798
752
967
323
431
956
663
247
309
475
601
533
377
543
90
571
810
503
467
896
872
497
279
81
618
143
225
47
92
587
600
911
692
244
793
859
358
85
719
372
222
209
760
969
32
94
452
158
985
155
655
180
488
669
518
443
844
820
992
545
667
591
741
711
901
917
842
351
948
340
151
516
273
626
418
606
955
679
914
637
534
897
20
953
853
557
