901
184
991
213
158
419
215
958
448
33
568
309
887
61
990
707
502
652
422
773
34
443
904
824
618
120
762
515
169
512
486
558
382
555
70
458
880
204
834
957
490
27
945
3
727
308
570
442
283
98
318
636
122
624
489
700
155
273
828
965
409
556
112
952
370
979
519
170
639
452
301
175
730
897
830
509
447
498
947
797
332
633
993
986
779
791
325
30
461
722
744
143
975
523
390
605
403
93
837
889
544
338
87
108
88
529
759
411
548
541
964
106
58
740
271
694
819
908
582
399
29
870
946
674
675
13
667
478
146
102
477
644
960
166
484
326
479
147
417
823
85
398
733
243
43
844
125
404
363
840
285
315
706
210
307
559
525
503
691
848
451
820
493
141
142
337
831
832
771
967
434
232
429
219
457
850
970
453
725
333
356
361
234
839
925
435
25
362
300
528
470
177
441
949
197
494
148
933
549
75
842
521
755
140
664
216
917
312
628
984
365
995
317
781
296
322
139
943
892
676
36
867
583
954
364
939
871
551
336
23
812
231
562
919
421
645
886
602
286
294
878
681
425
41
203
391
632
