792
789
237
60
760
0
625
787
849
590
345
595
796
736
28
920
280
224
218
637
474
542
171
262
671
369
697
713
352
996
682
406
427
20
97
921
955
346
841
471
909
130
708
847
228
249
546
693
683
896
116
156
167
198
538
208
588
877
138
459
84
68
940
123
859
731
124
222
371
651
164
52
604
35
438
988
703
672
754
378
539
354
133
868
161
150
507
444
424
180
586
413
66
860
320
289
684
505
31
225
918
874
739
499
680
989
454
865
876
833
720
685
275
906
313
456
255
137
642
938
153
769
392
535
115
560
527
270
811
770
341
650
396
899
765
188
630
178
244
117
327
665
608
18
394
851
699
217
885
856
526
367
951
