875
365
258
951
411
475
598
372
202
214
347
945
616
609
92
483
345
665
457
650
912
617
769
145
589
385
183
281
738
413
349
703
55
172
8
547
579
156
197
859
815
683
585
998
633
642
255
117
363
489
822
808
534
745
425
298
32
634
208
742
809
594
301
366
170
180
927
505
865
798
835
704
430
711
897
537
387
175
397
444
78
46
311
664
165
851
573
403
152
888
939
961
373
564
724
971
991
339
962
154
814
122
758
838
846
59
963
775
188
110
762
120
757
157
468
237
470
369
443
857
862
108
249
992
67
740
433
697
696
930
70
823
352
568
212
504
659
495
790
360
549
6
492
151
794
75
30
525
920
793
398
881
182
101
784
93
162
946
894
300
335
371
843
541
161
695
730
115
539
25
497
216
556
996
935
934
74
196
357
898
953
221
572
477
57
141
839
496
749
423
783
904
826
22
343
454
680
142
396
752
689
368
970
509
690
853
39
84
