163
25
342
479
426
912
632
844
606
492
959
524
441
33
324
615
469
862
881
44
27
470
854
656
551
698
109
603
506
331
236
709
689
201
594
477
845
714
193
652
55
80
850
314
958
297
2
779
148
767
913
220
575
302
101
7
88
79
695
905
384
866
321
268
15
227
930
627
128
152
42
646
725
774
948
129
390
37
893
443
743
383
226
21
43
219
304
166
278
761
950
504
517
231
676
992
974
460
95
347
659
358
566
78
985
464
399
587
19
805
867
26
1
806
110
946
200
301
14
510
40
567
76
87
455
465
922
961
175
647
233
947
436
748
975
169
502
598
258
257
199
328
858
480
10
67
281
363
979
649
525
232
994
494
613
531
719
179
809
308
189
568
668
298
196
440
834
334
291
279
136
176
972
601
417
401
776
532
250
303
705
962
936
73
223
819
619
718
818
98
788
772
409
264
570
585
45
