148
291
19
263
695
779
365
949
931
255
318
582
777
88
645
470
295
18
283
901
385
982
515
147
699
706
676
48
832
83
917
110
521
508
886
32
897
555
28
721
538
839
899
292
76
333
986
184
363
638
201
81
136
343
80
916
592
797
458
774
768
970
815
44
912
433
436
943
115
808
934
723
506
252
60
565
384
108
10
454
270
607
878
942
773
208
700
140
198
293
279
718
877
517
175
523
453
882
837
781
42
232
602
642
725
299
619
463
795
489
961
409
647
591
441
673
685
290
587
636
429
874
746
557
123
319
431
923
686
63
196
608
296
338
598
991
691
824
944
671
197
940
751
922
522
0
92
100
388
600
131
896
660
990
787
101
747
310
49
884
574
411
502
852
