11
844
637
527
552
997
870
325
461
367
80
53
744
277
772
841
427
861
242
554
746
129
247
328
709
721
713
91
240
889
137
999
440
417
551
118
882
968
407
624
714
271
718
712
854
969
424
771
332
610
760
893
36
931
836
606
331
782
768
921
518
676
896
903
270
261
243
708
113
651
764
925
207
184
677
989
220
848
77
143
31
166
319
671
241
599
40
269
2
655
393
228
788
607
466
187
929
0
498
810
164
439
72
41
608
15
520
825
323
975
512
621
181
21
292
225
735
941
380
305
729
227
603
449
914
294
701
419
224
354
821
329
899
960
593
686
135
314
818
805
942
268
89
238
66
699
741
938
922
916
863
370
595
190
682
97
723
61
866
639
130
685
816
544
5
602
42
355
286
18
341
797
924
819
484
545
523
272
913
988
965
364
231
611
7
13
858
600
508
503
645
230
622
550
698
648
548
736
792
641
410
