575
752
889
311
920
934
431
718
573
211
98
350
687
641
707
967
153
700
649
194
544
689
970
131
451
647
206
262
212
489
96
104
93
59
840
911
488
774
855
337
612
410
14
605
460
1
448
644
879
914
401
794
202
328
49
91
237
80
162
144
17
362
404
533
353
695
347
798
119
189
263
251
953
755
681
589
964
342
792
209
675
306
830
163
835
517
583
132
754
76
185
556
748
747
253
838
851
797
857
30
354
360
375
434
806
182
54
493
27
210
727
296
180
48
201
274
57
450
160
944
396
658
355
965
821
661
474
112
261
549
227
873
722
640
705
824
650
907
935
413
53
938
462
872
250
150
196
933
597
629
369
420
626
445
519
267
61
708
300
51
950
436
684
216
168
106
611
543
720
669
618
606
452
607
70
712
74
114
12
81
805
99
137
506
886
730
922
364
18
459
494
538
634
156
999
223
193
905
322
233
302
316
415
636
842
751
301
696
276
721
997
995
571
