726
390
368
145
629
17
514
952
922
360
373
634
508
455
526
818
894
293
396
380
412
580
766
712
349
341
678
896
294
589
545
201
708
172
184
295
897
543
355
357
477
840
14
359
823
870
694
415
571
828
372
972
130
73
15
946
910
979
664
564
162
450
980
759
152
668
535
892
703
852
322
903
911
465
642
536
906
746
653
191
619
265
944
282
70
915
597
540
811
120
100
902
392
953
456
307
698
149
124
781
466
834
824
462
949
848
206
757
416
891
596
874
552
587
998
128
851
803
177
813
695
969
131
775
453
326
330
722
760
429
606
724
983
460
638
696
817
841
975
797
732
474
12
57
699
459
839
192
161
30
836
862
67
974
783
997
66
801
9
556
185
523
256
286
515
489
119
82
899
28
607
480
298
788
78
622
287
51
205
549
964
525
577
582
938
730
765
45
316
905
199
929
36
108
106
