378
679
276
604
272
221
548
413
951
157
267
553
752
357
262
541
580
945
564
821
848
216
294
738
178
680
487
265
404
322
736
340
780
857
475
696
414
89
31
724
22
782
732
419
387
651
762
468
672
191
577
626
778
124
716
400
616
415
894
509
386
12
528
173
783
368
618
312
810
335
402
569
259
29
712
851
910
444
214
142
82
581
717
62
284
144
955
999
366
450
406
546
125
156
161
620
529
407
466
164
496
329
300
118
503
438
631
151
895
421
94
820
932
501
954
827
906
933
139
535
486
918
952
665
345
978
423
432
17
271
715
756
362
789
483
23
610
847
6
422
225
237
763
316
315
562
664
745
740
703
868
892
86
69
800
90
983
939
775
177
234
997
112
735
753
640
590
277
822
593
681
50
678
801
860
552
540
54
449
212
769
172
71
921
928
243
793
307
960
396
995
34
764
971
804
434
641
674
644
282
56
99
937
336
977
247
187
605
359
596
126
248
729
988
836
989
168
206
595
181
704
326
758
116
507
519
245
497
58
785
111
919
361
759
97
122
446
737
395
51
542
655
493
924
105
20
786
914
367
500
